#title verifySimpson integral=2.025926E+00 
#yName func{c}
#xName x
#xMin -1.000000E+00
#xMax 1.000000E+00
#xDim  100
#xScale 0
#---   starting of data ---
#  func(x)
 9.365370E-01
 8.562079E-01
 1.100521E+00
 1.143813E+00
 1.310906E+00
 1.375967E+00
 9.895867E-01
 1.370847E+00
 1.279663E+00
 1.263446E+00
 7.118926E-01
 1.118507E+00
 6.910097E-01
 7.919577E-01
 7.989022E-01
 9.998683E-01
 9.846417E-01
 1.144433E+00
 6.060601E-01
 6.141448E-01
 7.671633E-01
 1.263362E+00
 1.346961E+00
 8.941830E-01
 9.106261E-01
 9.745433E-01
 5.944902E-01
 6.110694E-01
 1.223631E+00
 1.025006E+00
 5.081954E-01
 1.123514E+00
 1.118919E+00
 1.172080E+00
 1.049712E+00
 9.016221E-01
 5.432097E-01
 1.241667E+00
 9.282387E-01
 9.487796E-01
 1.081135E+00
 1.362984E+00
 8.517996E-01
 9.730674E-01
 1.073002E+00
 9.361014E-01
 1.488951E+00
 1.455533E+00
 6.639898E-01
 1.427480E+00
 1.026920E+00
 7.643839E-01
 1.438964E+00
 7.752614E-01
 1.268747E+00
 1.262634E+00
 1.091902E+00
 1.056609E+00
 1.282317E+00
 1.245806E+00
 9.718595E-01
 1.488051E+00
 9.023124E-01
 1.273113E+00
 1.269293E+00
 7.389435E-01
 1.111844E+00
 1.470198E+00
 6.285415E-01
 7.084679E-01
 9.791307E-01
 1.087493E+00
 5.563489E-01
 1.196458E+00
 1.397110E+00
 6.017755E-01
 7.450129E-01
 1.464747E+00
 1.136875E+00
 1.009403E+00
 1.335201E+00
 1.293384E+00
 1.461558E+00
 1.440404E+00
 8.415119E-01
 1.368123E+00
 8.035397E-01
 5.391607E-01
 1.477876E+00
 1.353003E+00
 1.348257E+00
 1.128632E+00
 6.149084E-01
 7.940967E-01
 1.121301E+00
 8.730282E-01
 1.133045E+00
 6.347492E-01
 6.869045E-01
 1.053823E+00
